% # columns="iteration, evaluation, sigma, axis ratio, bestever, best, median, worst objective function value, further objective values of best", seed=558952, Fri Jun  5 09:05:24 2015
1 14 9.43931774361 1.0000483345 6426.58635567 6.4265863556671511e+03 21817.5755826 117900.508321   
2 28 9.06834864503 1.07489598192 4349.37696576 4.3493769657579596e+03 29173.6267282 157223.0723   
3 42 8.74931646313 1.08792907151 4349.37696576 8.3936596281900420e+03 23739.0491646 126494.38928   
4 56 8.61913932526 1.09746765332 4349.37696576 8.9870703328672680e+03 14606.8609885 134411.902001   
5 70 8.43583345094 1.12466086068 4349.37696576 8.5518065047387281e+03 20147.1032063 41066.1124883   
6 84 8.26412411144 1.14721468735 4349.37696576 1.2709028264383243e+04 15946.736298 65567.0569886   
7 98 8.10340109582 1.17044144153 4349.37696576 1.0715660718002971e+04 19814.9117865 79062.9697091   
8 112 7.91810819871 1.20048631323 4349.37696576 8.9273398971449133e+03 22533.2799383 68795.9625045   
9 126 7.81038275951 1.203376119 4349.37696576 7.8663560795749754e+03 15453.5171853 78360.547645   
10 140 7.62717760954 1.22467683549 4349.37696576 9.5632772631997577e+03 14590.1828497 30126.2938132   
11 154 7.53999970376 1.2336514422 4349.37696576 1.1326785548019790e+04 19017.9994327 34453.5963214   
12 168 7.26885942479 1.24738666164 4349.37696576 1.0159494993027944e+04 14674.8862614 31683.4129203   
13 182 7.02216128579 1.24434273954 4349.37696576 7.3433181838470982e+03 11786.9256382 19396.0548981   
14 196 6.85648705704 1.25451129947 4349.37696576 7.9263769543729286e+03 15156.5985473 56189.3793012   
15 210 6.68680775641 1.27755460276 4349.37696576 8.0266141538907323e+03 14378.8309294 39361.0162668   
16 224 6.44630349809 1.29538878929 4175.28333925 4.1752833392521579e+03 16744.3466435 44172.8214206   
17 238 6.1822673565 1.29789420268 4175.28333925 6.5972815588158328e+03 10503.8302871 51845.8632748   
18 252 6.00807159184 1.3034280984 4175.28333925 5.0855032631039348e+03 11020.5491223 20755.5497091   
19 266 5.80684362748 1.30281152524 4175.28333925 5.3204225773335947e+03 12700.9641555 38540.4842347   
20 280 5.61675837433 1.30525497037 4175.28333925 5.6174886759045639e+03 12300.9765658 38450.911369   
21 294 5.47600123265 1.3192807549 4175.28333925 5.1028781646088819e+03 12896.0246322 69934.3692873   
22 308 5.36597580457 1.32815123982 3433.92118523 3.4339211852267240e+03 9864.93721885 44336.3840052   
23 322 5.286166066 1.3355379492 3433.92118523 4.1690577146515780e+03 8716.45102701 18722.486273   
24 336 5.21747986407 1.33230147878 3127.43865055 3.1274386505526027e+03 8454.3248822 31533.5726443   
25 350 5.0488188014 1.33465784978 2961.23378021 2.9612337802050283e+03 5917.93437053 11713.6302582   
26 364 4.89741772185 1.35139410242 2961.23378021 3.3001411296141760e+03 5143.96380648 24578.5975948   
27 378 4.75606614518 1.35628718402 2863.25348643 2.8632534864312629e+03 6754.02806404 22907.5181265   
28 392 4.59817836013 1.3741195031 2863.25348643 2.9835896136629099e+03 7732.39153544 25754.4266332   
29 406 4.46614129471 1.4135776938 2863.25348643 3.1162649574407860e+03 6888.63443434 22617.57198   
30 420 4.31225730088 1.41209654612 2629.37953559 2.6293795355890725e+03 5857.45834478 15890.1135105   
31 434 4.18459676573 1.42549178894 1864.24517775 1.8642451777476338e+03 3568.52630253 13723.3110787   
32 448 4.05427246555 1.43420730934 1520.96279499 1.5209627949874653e+03 4167.11089715 13993.7787237   
33 462 3.97166481907 1.43490459601 1520.96279499 1.9770753639584145e+03 2857.02729129 12776.744247   
34 476 3.94701463633 1.45265707307 1520.96279499 2.3718938820634894e+03 6144.84006047 10827.843384   
35 490 3.90065485969 1.47032526142 1520.96279499 2.3125919406233816e+03 3859.50461316 14303.8682128   
36 504 3.79226502229 1.47550192866 1520.96279499 2.1405124727743150e+03 4257.13700802 6529.80916393   
37 518 3.70562661635 1.49196686316 1520.96279499 2.9228374978207030e+03 3900.38058895 4934.56347351   
38 532 3.57719584388 1.50015469334 1520.96279499 2.5862577184225197e+03 3629.02568813 6156.1312972   
39 546 3.463969067 1.49727830197 1520.96279499 2.4097101883758296e+03 3742.6348527 5253.68296237   
40 560 3.32614912467 1.50496874996 1520.96279499 2.0877598121187934e+03 2936.03135919 3815.56271383   
41 574 3.18764890423 1.50131341494 1520.96279499 2.1641424136604755e+03 3269.04817008 6828.01908269   
42 588 3.06543680013 1.5150394166 1520.96279499 1.6006309783463039e+03 2584.09758683 5824.23739258   
43 602 2.98723196728 1.52943816463 1475.58544851 1.4755854485143473e+03 2173.2348977 5287.94782033   
44 616 2.99220408893 1.53712769865 1475.58544851 1.7691490582288970e+03 3036.02589785 19027.3978925   
45 630 2.93757098171 1.53830246736 1350.42302206 1.3504230220611134e+03 2882.24161081 4706.97107717   
46 644 2.80309697776 1.54391092312 1350.42302206 1.5950218664232004e+03 2377.44637537 3695.99911806   
47 658 2.75383730975 1.54771248092 1350.42302206 1.9586007521468550e+03 3533.58739695 4167.87087864   
48 672 2.71392719769 1.53510926614 1350.42302206 1.8992705693702380e+03 3863.04108487 18497.738423   
49 686 2.6910677942 1.55438216962 1350.42302206 1.9678487798208812e+03 3391.05268725 6278.17550449   
50 700 2.57661114063 1.56493272253 1350.42302206 1.7656707073901996e+03 3319.96645756 17612.5214527   
51 714 2.49705613954 1.56667017468 1350.42302206 1.8881163333334355e+03 2429.79118919 4737.98658359   
52 728 2.41627072357 1.57027599717 1350.42302206 2.0649784375554505e+03 2465.80172121 13506.0573224   
53 742 2.32405956003 1.57766358829 1350.42302206 1.6005956170147865e+03 2500.10785391 3661.43841031   
54 756 2.24650747475 1.57291224495 1350.42302206 1.4039845533541907e+03 1955.08255261 2413.33070708   
55 770 2.17244992951 1.57051583697 1271.72518415 1.2717251841457532e+03 2321.84361489 5888.83095184   
56 784 2.11568512719 1.57322377303 1271.72518415 1.4495750561193290e+03 1893.72736983 5288.89036219   
57 798 2.07670222235 1.57062230669 1271.72518415 1.3128103100146930e+03 1645.95710432 3249.33824621   
58 812 2.01225464778 1.57857257316 1271.72518415 1.5427444983362484e+03 2208.13075832 15377.0451388   
59 826 1.95885547672 1.57945203384 1271.72518415 1.3354555455769228e+03 1744.61233312 5239.63391173   
60 840 1.89615688474 1.57475747593 1271.72518415 1.2799279123466292e+03 1883.54854368 2349.50708947   
61 854 1.8478133479 1.58301077227 1271.72518415 1.2795253167009780e+03 1606.07315269 2254.94357155   
62 868 1.77632248607 1.58465491302 1271.72518415 1.4142346740207099e+03 1699.07689207 5235.63053919   
63 882 1.74457988064 1.59179700866 1156.33049319 1.1563304931901239e+03 1443.57823881 4717.50493643   
64 896 1.7382961004 1.61732061476 1156.33049319 1.3342381702639896e+03 1673.44146926 7713.44683476   
65 910 1.73554246894 1.62381670838 1156.33049319 1.2977339879225708e+03 1736.22165395 10215.2157265   
66 924 1.72482689399 1.62138504855 1156.33049319 1.2460116880436667e+03 1459.00890593 8846.11408324   
67 938 1.70292827749 1.6095134611 1125.38320858 1.1253832085764980e+03 1461.95587436 2804.0393685   
68 952 1.64133530024 1.61164209827 1125.38320858 1.1542786657953302e+03 2112.04803364 4134.72320914   
69 966 1.55169486176 1.61203070733 1125.38320858 1.1283058396295776e+03 2737.83359762 8116.06749241   
70 980 1.48700099689 1.61965070898 1091.03492179 1.0910349217942507e+03 1533.60941992 6946.1746531   
71 994 1.45562912926 1.63172704276 1091.03492179 1.1343799071340206e+03 1503.42134366 7987.98157177   
72 1008 1.41697640151 1.62985125615 1089.25372378 1.0892537237840190e+03 1444.37544811 10388.5980503   
73 1022 1.34065236355 1.63053662915 952.098345635 9.5209834563502704e+02 1536.64352379 10945.7142734   
74 1036 1.27344301269 1.63953429623 952.098345635 1.0113676592980131e+03 1198.20488737 9631.20468079   
75 1050 1.19927810535 1.64917199937 952.098345635 9.6057151984103393e+02 1295.02112407 7544.76584143   
76 1064 1.15619769604 1.65368805731 907.466838578 9.0746683857790254e+02 1242.03187165 8524.07097588   
77 1078 1.13942899267 1.6591637386 827.430521903 8.2743052190291576e+02 1022.22133749 1239.30348736   
78 1092 1.12017367763 1.65382328831 827.430521903 9.3763770505124546e+02 1028.45123668 2250.04170427   
79 1106 1.13155721745 1.66134224396 827.430521903 9.2173635687788124e+02 1145.07312892 6259.96165532   
80 1120 1.10445817252 1.67348759144 827.430521903 8.7414826825454168e+02 1100.12409815 2110.65174242   
81 1134 1.08264767131 1.67758536397 824.109398679 8.2410939867906222e+02 1015.42351671 1179.82719773   
82 1148 1.06268020847 1.68311692127 785.774263229 7.8577426322899191e+02 947.706624136 1826.30862914   
83 1162 1.06366136787 1.70205630023 688.091453922 6.8809145392160872e+02 948.087135737 1497.1686781   
84 1176 1.07756799909 1.70240427335 688.091453922 7.6167354235986204e+02 953.253441113 2183.7567607   
85 1190 1.09193331648 1.71069577706 688.091453922 7.4147461042108102e+02 1321.03340487 8133.79000224   
86 1204 1.09400629458 1.7190772402 688.091453922 7.2576153989496277e+02 879.80396122 1712.33926428   
87 1218 1.09835554156 1.72303426151 688.091453922 7.3970406356427929e+02 921.063977781 1322.73419989   
88 1232 1.08471388836 1.72829712599 688.091453922 7.4827698279724893e+02 899.398913114 2061.53275014   
89 1246 1.09008177694 1.73348900313 688.091453922 6.9875692201712218e+02 1278.76681364 2659.85491946   
90 1260 1.07624247139 1.74401328174 688.091453922 7.0321158380493205e+02 779.045975172 3569.78083092   
91 1274 1.05785248881 1.76736344514 669.474581943 6.6947458194276635e+02 809.203087463 2443.06655422   
92 1288 1.03308170631 1.78195743975 666.756227235 6.6675622723511117e+02 787.181932876 1731.05443052   
93 1302 1.0187752567 1.78921774052 629.658955667 6.2965895566682809e+02 764.67030641 2547.81529151   
94 1316 1.00046855706 1.78905412425 608.567985755 6.0856798575536527e+02 781.0812556 1608.07852457   
95 1330 0.974963931629 1.80285421877 608.567985755 6.2005054272912400e+02 714.437750939 951.871410657   
96 1344 0.972774417536 1.80960655277 524.082487577 5.2408248757679098e+02 725.544237075 3087.00601053   
97 1358 0.966119139705 1.83165280998 524.082487577 5.7473481655273156e+02 677.749851974 4275.87600417   
98 1372 0.946550077501 1.84669927475 524.082487577 5.6884539008143099e+02 661.273618255 2132.78124746   
99 1386 0.931729371545 1.86033343471 524.082487577 5.7399125665515692e+02 708.436279029 4075.99361675   
100 1400 0.919381137904 1.8634155171 524.082487577 5.5090656196853524e+02 657.500433776 3309.07868817   
101 1414 0.904320730176 1.87636869857 524.082487577 5.3606154620575330e+02 652.437239022 2896.88140594   
102 1428 0.896094239633 1.89727871174 454.617302702 4.5461730270215276e+02 775.766100763 4317.43609279   
103 1442 0.892577953681 1.91375110242 454.617302702 4.9567036637304881e+02 1282.22230601 5628.94878611   
104 1456 0.875199740117 1.91513947917 454.617302702 4.7957884732210056e+02 793.268672432 8327.757425   
105 1470 0.847882604045 1.9146855205 454.617302702 5.2393830698726765e+02 1485.43084811 4072.46798681   
106 1484 0.820300121607 1.93277197482 454.617302702 4.8836912393604774e+02 572.599859259 2128.38458355   
107 1498 0.801454883509 1.93487469014 454.617302702 5.2198211551175041e+02 597.945663566 3216.56964218   
108 1512 0.777519285764 1.93424858774 454.617302702 5.2108091762491733e+02 568.492175975 5727.71011571   
109 1526 0.777786647479 1.95435410669 454.617302702 4.9873389165953927e+02 613.855865104 4874.0047297   
110 1540 0.776141070702 1.96594886163 454.617302702 4.6585870890880096e+02 1711.07944916 5161.25416073   
111 1554 0.792523295918 1.96471283545 454.617302702 4.7875173287108419e+02 568.415616249 3840.62556365   
112 1568 0.792184434451 1.96981081728 454.617302702 4.8415833054593958e+02 2680.59736773 6067.14504756   
113 1582 0.78387766324 1.99191692357 454.617302702 5.1044078688974651e+02 986.229448526 4581.41317991   
114 1596 0.780730362078 2.00643723429 454.617302702 4.5865214151573008e+02 1852.84274122 5491.45065935   
115 1610 0.784637021134 2.00492820835 454.617302702 4.6539594465773592e+02 1405.52793752 5319.50167071   
116 1624 0.788849709917 2.00563535228 454.617302702 4.9510862240343101e+02 1011.74199339 4799.50214189   
117 1638 0.773168432682 2.01876665076 454.617302702 4.7325110479341299e+02 563.566366691 5011.49339666   
118 1652 0.757490021348 2.04073840181 454.617302702 4.6039790242133927e+02 540.869820346 3661.27514677   
119 1666 0.737053931476 2.04423964061 450.166880153 4.5016688015277407e+02 515.361411262 5243.23037628   
120 1680 0.734283896294 2.05989423667 426.591710619 4.2659171061851271e+02 1100.51311725 7193.76368198   
121 1694 0.740521752826 2.06464582936 426.591710619 4.3518568702467303e+02 508.330422529 6107.51072632   
122 1708 0.731165455675 2.08575345403 426.591710619 4.8289321599974278e+02 1348.30946762 6303.3294471   
123 1722 0.721469866852 2.11207402248 426.426572116 4.2642657211645326e+02 521.773077903 1201.77530668   
124 1736 0.718477094836 2.1199143471 407.620867888 4.0762086788756744e+02 532.351468602 4031.59563111   
125 1750 0.715920299289 2.13840794693 407.620867888 4.2754989121509675e+02 481.81771706 3209.61836946   
126 1764 0.722236543416 2.14189668547 407.620867888 4.0873972324650185e+02 458.749652685 3314.79806851   
127 1778 0.705874984414 2.15229980607 407.620867888 4.1575076089667078e+02 534.951338827 4990.01527956   
128 1792 0.692092657971 2.17662214241 380.807050127 3.8080705012729015e+02 490.083015104 1514.41977529   
129 1806 0.675550391388 2.20637217644 380.807050127 3.8565247769281962e+02 1668.67666487 6597.91497873   
130 1820 0.661633152836 2.21912652171 380.807050127 3.9751293894377034e+02 1044.28629518 4614.34921313   
131 1834 0.641175552189 2.23102827519 379.250431342 3.7925043134196574e+02 522.844111249 3368.62068762   
132 1848 0.626654671242 2.22810991849 379.250431342 4.0781274220603319e+02 475.876252242 3529.42751004   
133 1862 0.614888892783 2.24183523373 379.250431342 4.0870070705452520e+02 1331.98227891 6000.29839908   
134 1876 0.594198477253 2.25870677301 379.250431342 4.1391667572996045e+02 1416.83056552 4205.27490703   
135 1890 0.581593588405 2.31192886518 379.250431342 4.0271766760924862e+02 1369.03013566 4028.81937062   
136 1904 0.571749418798 2.31822283431 379.250431342 4.2631034794253901e+02 669.832531214 3886.62920436   
137 1918 0.560932283386 2.35009982206 379.250431342 4.2056020500165761e+02 464.696104393 981.09835132   
138 1932 0.542731875378 2.35311883023 379.250431342 4.0378570067526118e+02 459.702205368 1846.07834164   
139 1946 0.525164334771 2.35143643445 379.250431342 3.9214893809251976e+02 450.505459015 4316.75960837   
140 1960 0.515557568121 2.3589041394 378.85751154 3.7885751153959438e+02 435.37690687 3488.71776043   
141 1974 0.527201171385 2.37174797477 370.171179694 3.7017117969388869e+02 421.744439382 1792.80521111   
142 1988 0.519673917359 2.3928102496 361.01331401 3.6101331401016017e+02 979.391931551 2184.12280194   
143 2002 0.515225781188 2.41213211663 361.01331401 3.6288087786189664e+02 468.273379377 4214.77730775   
144 2016 0.502962940044 2.43634430416 361.01331401 3.6356159928967759e+02 398.066088586 4111.39988734   
145 2030 0.482436045974 2.45055595718 361.01331401 3.7222355370380063e+02 405.017374079 5420.71824591   
146 2044 0.468165739112 2.47840699361 353.924102683 3.5392410268269987e+02 386.982785353 5267.42967874   
147 2058 0.459799361604 2.49915539962 340.591899956 3.4059189995558614e+02 387.615924664 2960.53552868   
148 2072 0.448194718466 2.49363669879 340.591899956 3.4584819545606069e+02 1613.05103223 3758.7177324   
149 2086 0.443435828988 2.49158304848 340.591899956 3.4607325576837593e+02 374.552398025 3217.38688583   
150 2100 0.434726749303 2.49646219811 340.591899956 3.4539850680807831e+02 391.714190261 3773.22016182   
151 2114 0.423701965831 2.53212227759 336.76011501 3.3676011501039528e+02 365.95737737 3540.24543624   
152 2128 0.414324724601 2.53073955727 334.415548421 3.3441554842097059e+02 408.969780244 2466.96996629   
153 2142 0.4039853573 2.5511450452 325.475802301 3.2547580230078444e+02 352.963658352 3733.15709299   
154 2156 0.393577906319 2.56293085439 325.475802301 3.2549602452429735e+02 353.009205118 3869.11320971   
155 2170 0.383410427725 2.56605347305 325.475802301 3.2863184099835200e+02 349.76058727 3575.25822171   
156 2184 0.379834750514 2.58871328402 324.160661169 3.2416066116896326e+02 342.576838797 1728.3867467   
157 2198 0.375505193417 2.59536013061 324.160661169 3.3118797987039949e+02 355.149439018 1628.19471909   
158 2212 0.375419258725 2.57631678203 324.160661169 3.3621913385881447e+02 354.367819123 2458.71287544   
159 2226 0.371541889342 2.57422529738 320.128413029 3.2012841302869498e+02 376.863100203 1609.60964886   
160 2240 0.363162374005 2.58256261049 320.128413029 3.2744294393768246e+02 347.258942496 3829.38865029   
161 2254 0.355026062795 2.58155421442 318.714117504 3.1871411750417127e+02 343.581054495 4099.89131406   
162 2268 0.347777613972 2.62273150418 318.714117504 3.2059632719770519e+02 347.28205363 3623.70146975   
163 2282 0.33689783194 2.63111908753 315.872480998 3.1587248099750644e+02 341.778092457 3686.77262126   
164 2296 0.331960270849 2.67189872476 312.626214593 3.1262621459273117e+02 1148.52516506 3660.47715198   
165 2310 0.321371771697 2.7009442565 312.626214593 3.1413036324577058e+02 1582.26172387 3638.1311986   
166 2324 0.313301805003 2.71521658734 301.100032638 3.0110003263766953e+02 348.031808693 3458.34607513   
167 2338 0.308186570112 2.74688192359 301.100032638 3.1495813848075358e+02 353.15787135 3451.56151209   
168 2352 0.299606202771 2.79072667246 301.100032638 3.1769520167400287e+02 339.842490659 3668.09038422   
169 2366 0.29203476289 2.82820056141 301.100032638 3.1900226488120944e+02 336.509414225 3931.27996687   
170 2380 0.281917721384 2.85238453889 301.100032638 3.1156875822004963e+02 346.058955451 3887.7441035   
171 2394 0.272714229883 2.88660231067 301.100032638 3.0732612162480694e+02 317.596909524 1590.10369535   
172 2408 0.258326344022 2.89289036936 301.100032638 3.1243833843491450e+02 321.65870233 3638.87907736   
173 2422 0.248726394457 2.91882878411 301.100032638 3.1011219995276736e+02 321.331805118 1675.84118337   
174 2436 0.241779815457 2.90494281044 298.710043697 2.9871004369662933e+02 322.708920206 1640.00887401   
175 2450 0.236760724299 2.94012405196 298.710043697 3.0258210266280628e+02 324.812272683 3407.6266378   
176 2464 0.22988883268 2.95012590082 298.710043697 3.0362343201369941e+02 317.291397083 1505.83060735   
177 2478 0.223957048718 2.94305187284 297.515315024 2.9751531502435540e+02 315.469001093 3486.82533841   
178 2492 0.218028400879 2.9728005495 297.515315024 2.9902807270115005e+02 1513.30279415 3552.55492527   
179 2506 0.215461397288 2.98127579358 297.515315024 2.9915664809517421e+02 312.328236803 1626.89812133   
180 2520 0.214289617261 3.01583149225 295.18691463 2.9518691462997742e+02 304.4067123 3452.93302762   
181 2534 0.212185000361 3.03422626996 292.072003484 2.9207200348424846e+02 312.212853274 3247.96435812   
182 2548 0.209710421836 3.06922382814 291.776409451 2.9177640945087387e+02 306.403594262 3406.86816435   
183 2562 0.214221278613 3.09554272034 286.603856071 2.8660385607076489e+02 305.733174043 3319.75049024   
184 2576 0.214968624891 3.11680510812 286.603856071 2.8849486037305434e+02 296.275412158 3339.38087285   
185 2590 0.214767429179 3.14035715807 286.603856071 2.8773041702389776e+02 639.246735944 3345.30850303   
186 2604 0.215612078933 3.13840482581 286.603856071 2.8923685204367303e+02 301.882955973 3323.38047316   
187 2618 0.215893144959 3.13947438867 284.499960147 2.8449996014652635e+02 304.215621356 3246.14050955   
188 2632 0.21324384465 3.15844181383 284.499960147 2.8953147864321653e+02 305.642988199 3484.97263031   
189 2646 0.209104493335 3.18517214409 284.499960147 2.9037523670470762e+02 304.601990813 3356.85137465   
190 2660 0.205161955304 3.2117654653 284.499960147 2.8778294850626571e+02 294.348732048 3144.39012028   
191 2674 0.203113299256 3.24054890978 284.499960147 2.8923493294507415e+02 298.89477057 3477.60906805   
192 2688 0.2020409483 3.26412590013 284.499960147 2.8806439542491796e+02 1573.87271616 3647.47559707   
193 2702 0.199947188604 3.27302197766 284.499960147 2.8858984328659028e+02 297.723058934 3473.87735333   
194 2716 0.194175546245 3.27884010763 284.499960147 2.9149030713135988e+02 297.550110048 3310.25553104   
195 2730 0.193186749056 3.29655161295 284.499960147 2.8715106773266280e+02 298.539576477 3009.31918807   
196 2744 0.189752725857 3.30530040523 284.499960147 2.9394376932506816e+02 298.760280838 1506.9049806   
197 2758 0.185676353924 3.31052700471 284.499960147 2.8769898579346443e+02 297.996874981 3632.59435106   
198 2772 0.183457174382 3.31630492264 284.499960147 2.8526643690231293e+02 300.286833751 3581.61221742   
199 2786 0.18212249218 3.31844002942 284.486011227 2.8448601122666474e+02 310.539620291 3644.78274707   
200 2800 0.178718348603 3.3509224548 282.638000428 2.8263800042808396e+02 295.720905417 3799.11069694   
201 2814 0.174526134548 3.37481392013 282.638000428 2.8469619180620020e+02 297.257807356 3552.52613021   
202 2828 0.17394687707 3.36850660191 282.638000428 2.8642612599310792e+02 1424.41495248 3548.83444811   
203 2842 0.177148420573 3.36646086617 282.423735085 2.8242373508505233e+02 329.864893765 3683.34480443   
204 2856 0.182672910541 3.37223947963 282.300227398 2.8230022739839063e+02 290.391725516 3589.88104732   
205 2870 0.189564355384 3.41116414103 282.300227398 2.8704409011202694e+02 1557.17562552 3640.11825614   
206 2884 0.195799252849 3.41105846974 282.300227398 2.8693419198828946e+02 297.065847894 3566.41781375   
207 2898 0.196561527163 3.42059851374 282.300227398 2.8632028549966782e+02 350.006225954 3698.69492792   
208 2912 0.195794918884 3.45478995863 282.300227398 2.8711107234287670e+02 299.917798726 3946.52193727   
209 2926 0.191786311644 3.47400855194 282.300227398 2.8501918027748263e+02 299.714407212 3633.83709292   
210 2940 0.184294963382 3.46278516786 281.303040496 2.8130304049630735e+02 302.955828179 3605.45838539   
211 2954 0.182273741419 3.44856714829 281.303040496 2.8331214027276951e+02 302.292955328 1439.00741665   
212 2968 0.182155134869 3.46078460191 281.303040496 2.8152688348829605e+02 299.983864017 3757.37419836   
213 2982 0.184608173874 3.46710866863 281.303040496 2.8616981726542764e+02 1252.69594543 3562.81677449   
214 2996 0.18625461827 3.50095477703 281.303040496 2.8677430656088745e+02 292.927388615 3836.18495885   
215 3010 0.186221996939 3.56464946348 281.303040496 2.8551185660313985e+02 3400.74631893 3705.49064873   
216 3024 0.184467092832 3.5758226173 281.303040496 2.8375669475803647e+02 289.015122777 3703.04730201   
217 3038 0.185624831552 3.57604699133 281.303040496 2.8182336179609337e+02 295.987768542 3754.871972   
218 3052 0.185164419512 3.58874306499 281.303040496 2.8540005808419937e+02 298.105968417 3754.80577732   
219 3066 0.186270757668 3.61774659971 281.303040496 2.8482584806857153e+02 321.430472673 3634.05578055   
220 3080 0.187155901492 3.62709110061 281.303040496 2.8573103393347594e+02 1154.38499139 3699.57734697   
221 3094 0.187601975483 3.65959189808 281.303040496 2.8656263832682589e+02 295.250158895 3557.54331281   
222 3108 0.187158562607 3.66330060843 281.303040496 2.8778417353955160e+02 1313.69836706 3652.78560422   
223 3122 0.185636356577 3.6956263611 281.303040496 2.8660302628138351e+02 292.914174416 3843.2300568   
224 3136 0.187595966473 3.71070714066 281.303040496 2.9008799431934631e+02 1344.49123826 3960.05626647   
225 3150 0.187483120124 3.76117458415 281.303040496 2.9013876139375350e+02 1188.58979363 3879.09343733   
226 3164 0.185849074602 3.766442215 281.303040496 2.8424298249162911e+02 1221.81516078 3695.13720603   
227 3178 0.183927586437 3.75723170071 281.303040496 2.8682903855665768e+02 1264.68490748 4044.8525228   
228 3192 0.176445860711 3.75650974349 281.303040496 2.8771038955853760e+02 1210.34266499 3902.12057858   
229 3206 0.165920703988 3.78180397839 281.303040496 2.8501161136410036e+02 329.521774958 3767.47640382   
230 3220 0.157695930778 3.81716148654 281.303040496 2.8847139337809887e+02 297.409100481 3834.14327289   
231 3234 0.151431426691 3.78320102193 281.303040496 2.8862638138373296e+02 315.132735309 3829.27276074   
232 3248 0.145753697203 3.79241437221 281.303040496 2.8661423008924606e+02 297.496079691 3906.79552742   
233 3262 0.141722177119 3.7815396851 281.303040496 2.8490346097312590e+02 292.837686888 3923.16800005   
234 3276 0.138103170223 3.83480082616 281.303040496 2.8526325319901730e+02 292.24588414 3970.63747063   
235 3290 0.133672912446 3.88371322405 281.303040496 2.8242987705265216e+02 295.822080416 1430.43155583   
236 3304 0.133479375523 3.87559000999 281.303040496 2.8130702281356270e+02 287.536886934 3787.08998791   
237 3318 0.132775837725 3.90689194433 281.303040496 2.8145700471237774e+02 287.047295926 3738.41690814   
238 3332 0.134520754537 3.96270750628 281.303040496 2.8198036015200921e+02 290.840611544 3873.4995208   
239 3346 0.135363284019 4.05300890585 281.096853294 2.8109685329401543e+02 291.343511876 3922.40305071   
240 3360 0.133037700049 4.10551748366 279.624176997 2.7962417699684181e+02 286.741293275 1445.94284298   
241 3374 0.131256089104 4.14402117924 277.974385597 2.7797438559714055e+02 285.725419565 3615.43683238   
242 3388 0.128260168683 4.17785078997 276.654943284 2.7665494328368106e+02 285.572309044 3819.91913445   
243 3402 0.126666488024 4.22035448223 276.654943284 2.7809794059100255e+02 3576.3975627 3764.39901681   
244 3416 0.126798932063 4.27151777745 276.654943284 2.7991701153730594e+02 284.41541519 3703.09840444   
245 3430 0.126204842818 4.28082566543 276.654943284 2.7799271558732039e+02 683.956173267 3759.64238536   
246 3444 0.124893536916 4.33278835591 276.497316643 2.7649731664339907e+02 280.455742347 1354.11953443   
247 3458 0.123223128758 4.36138008967 276.134116684 2.7613411668358253e+02 279.884611417 3640.06497614   
248 3472 0.122151225351 4.46933704406 276.134116684 2.7630635831507647e+02 279.754626928 1455.50635051   
249 3486 0.121240106633 4.48945141494 276.134116684 2.7645309768211399e+02 280.848114226 3698.71339937   
250 3500 0.118079396337 4.51697967737 276.134116684 2.7754348148006284e+02 282.694843809 3580.49875873   
251 3514 0.116765487849 4.58613117965 276.134116684 2.7614842695775508e+02 281.454601478 2206.08385466   
252 3528 0.113720244768 4.60680136711 275.602268748 2.7560226874776868e+02 281.128557978 3624.95667545   
253 3542 0.115105021766 4.59908931076 272.830850446 2.7283085044553849e+02 281.821206959 1424.83924875   
254 3556 0.116310671134 4.65143366712 272.830850446 2.7669115582072777e+02 610.204063201 3671.80321649   
255 3570 0.116340121108 4.69724950887 272.830850446 2.7350184520954951e+02 278.072606176 1469.90622151   
256 3584 0.117386758796 4.79539502558 271.442573107 2.7144257310672674e+02 279.171855307 1465.96299857   
257 3598 0.118344044478 4.79255276683 270.271205352 2.7027120535245427e+02 276.912820839 2304.56861501   
258 3612 0.118323699518 4.83930583393 268.974800936 2.6897480093603247e+02 329.149522325 3645.61380698   
259 3626 0.118468903637 4.93532234555 268.974800936 2.7164345676501563e+02 1366.18109771 2765.18883531   
260 3640 0.119326043271 4.93865289359 268.974800936 2.7441121971628377e+02 280.695261488 3547.67462505   
261 3654 0.117897208553 4.99230720663 266.158858075 2.6615885807547454e+02 659.422398248 1482.68735988   
262 3668 0.116852727239 5.00892675355 266.158858075 2.7154473972098890e+02 278.908978721 2981.19600452   
263 3682 0.11534618118 4.99410894219 263.611505268 2.6361150526827618e+02 283.909890301 3559.06689632   
264 3696 0.114008055337 4.95126366866 263.611505268 2.7354243441817852e+02 866.041352655 2697.94317088   
265 3710 0.114181912258 4.9352123606 263.611505268 2.6810195888714094e+02 338.695487703 3498.68103456   
266 3724 0.114405450955 4.95104624496 263.611505268 2.6981410880815514e+02 280.437965846 3466.22114619   
267 3738 0.111932543348 4.96452405437 263.611505268 2.7165641695351525e+02 285.93763468 2669.30571051   
268 3752 0.108959054597 4.9526870556 263.611505268 2.7347523306573288e+02 817.881875793 3460.63331382   
269 3766 0.105118982193 4.95142589831 263.611505268 2.7418076385764857e+02 276.848068221 1356.506187   
270 3780 0.0995310972183 4.95088124144 262.408801553 2.6240880155273663e+02 276.739763281 3429.5260979   
271 3794 0.0968404003046 4.94127285516 262.408801553 2.6463292854810049e+02 279.923785593 1325.66596431   
272 3808 0.09597326081 4.94437916938 260.570443147 2.6057044314724169e+02 275.318296615 1321.54822135   
273 3822 0.0949362637935 4.94904838585 260.570443147 2.6275613279330781e+02 275.742922434 372.197687985   
274 3836 0.0921593599657 4.96956728024 260.570443147 2.6450867637899296e+02 284.031411578 938.492317012   
275 3850 0.0934804270922 4.93597540629 260.570443147 2.6203816449195403e+02 276.045096103 3456.72276223   
276 3864 0.094016139544 4.95414851593 260.570443147 2.6272513191459291e+02 284.134002164 3604.74763239   
277 3878 0.0941033243681 4.96649149131 260.570443147 2.6296575965172542e+02 276.317975837 3511.51374384   
278 3892 0.0945874104155 4.99760396567 260.570443147 2.6228014143038644e+02 276.430321511 3492.36669989   
279 3906 0.095638931747 4.98217345856 260.570443147 2.6152844599126530e+02 275.34860969 830.951928448   
280 3920 0.0965267392441 5.02290358047 260.570443147 2.6343050305608512e+02 282.624789864 3593.18789337   
281 3934 0.0981014218897 5.03911488396 260.570443147 2.7265239764700624e+02 280.435105519 3630.75455993   
282 3948 0.0990618428054 5.0473453908 260.570443147 2.6544553301463412e+02 1328.83977124 3611.6116032   
283 3962 0.0989638027253 5.04960265479 260.570443147 2.6387025057348319e+02 279.409344178 3503.8836195   
284 3976 0.0993036008975 5.0452868277 260.570443147 2.6405161734412849e+02 284.753772783 1334.95570753   
285 3990 0.100920328107 5.05733138801 260.570443147 2.6385741624696044e+02 288.259616069 3389.22973445   
286 4004 0.102544999161 5.04740361771 260.570443147 2.6059191073714209e+02 276.516944421 3396.93603634   
287 4018 0.103350654217 5.10564163036 260.570443147 2.6107774679264912e+02 305.375829597 2713.122315   
288 4032 0.100920522728 5.13005642406 260.570443147 2.6393472563588000e+02 427.917744526 3410.82109493   
289 4046 0.09971076394 5.15199786883 260.570443147 2.6394722439170209e+02 297.874792328 1388.21625624   
290 4060 0.09666004867 5.17894726286 260.570443147 2.6446106345128288e+02 307.296330878 3378.08522622   
291 4074 0.0928103046808 5.1652276611 260.570443147 2.6994238174086456e+02 350.644335098 3511.05324049   
292 4088 0.0908519165401 5.17588661091 260.570443147 2.6481793718582992e+02 291.397606263 3441.84645831   
293 4102 0.0908103250566 5.18497503163 260.570443147 2.6627231557381646e+02 319.850245076 3478.15731725   
294 4116 0.090979333296 5.22178854634 260.570443147 2.6217102100624373e+02 293.901636748 1319.02271257   
295 4130 0.0904534557856 5.2471734989 260.570443147 2.6220015483229105e+02 822.534609614 3461.18495274   
296 4144 0.0903370029831 5.37339927905 260.570443147 2.7254237890479544e+02 371.918555948 3308.08758262   
297 4158 0.0895486249607 5.44992393649 260.570443147 2.6507947292895045e+02 316.168637537 2172.61137109   
298 4172 0.0881223763467 5.44848014434 260.570443147 2.6679295587859434e+02 357.344128669 2135.87627751   
299 4186 0.0886474203468 5.46636686247 260.570443147 2.6760147195377368e+02 334.420752162 2172.55281136   
300 4200 0.089035851782 5.48311459686 260.570443147 2.6476187871736397e+02 313.64158677 2173.71401648   
301 4214 0.0891002960312 5.48766745852 260.570443147 2.6686099849899108e+02 275.931827432 2126.56691858   
302 4228 0.0869259353439 5.52325313046 260.570443147 2.6314457142877109e+02 290.74716326 497.2330286   
303 4242 0.0830147961252 5.53096304808 260.570443147 2.6307452249442588e+02 283.360776236 2135.25078142   
304 4256 0.0800826096316 5.55843266314 260.570443147 2.6460775598758647e+02 286.715520347 3473.54278556   
305 4270 0.0776222126183 5.58942425378 260.570443147 2.6253633462238082e+02 268.972755576 3425.55382951   
306 4284 0.0751082167065 5.62103618748 260.570443147 2.6295894342341819e+02 291.483629574 3446.30803136   
307 4298 0.0730057899931 5.63405643938 260.570443147 2.6408947423628194e+02 291.046460889 3482.53997674   
308 4312 0.0714971135906 5.65594984156 260.570443147 2.6157765133391018e+02 298.715098665 3473.90581615   
309 4326 0.0702827259353 5.68568348657 260.570443147 2.6152990857495183e+02 276.299211432 3457.70817345   
310 4340 0.0694242456479 5.69556262722 260.570443147 2.6768999651858115e+02 334.849764044 3504.3965938   
311 4354 0.0692556637217 5.6723651463 260.570443147 2.6699216838596720e+02 298.749862033 3471.9975856   
312 4368 0.0693269593548 5.70896611322 260.570443147 2.6640113639173097e+02 276.041923637 955.915785381   
313 4382 0.0678968377421 5.75615321141 260.570443147 2.6426598534141658e+02 273.797112442 594.87518204   
314 4396 0.066058703325 5.75129502813 260.570443147 2.6360882000405456e+02 274.190240185 892.431560508   
315 4410 0.0651255736123 5.79013680028 260.570443147 2.6376841204830913e+02 277.958122665 3536.18547683   
316 4424 0.063656328484 5.83412270191 260.570443147 2.6390598908224177e+02 269.555476647 3512.72972065   
317 4438 0.0625964276537 5.87946465137 260.570443147 2.6334041545446308e+02 275.378630844 657.400556189   
318 4452 0.0623686112716 5.8602683408 260.570443147 2.6496923284780252e+02 285.047779047 3482.36332346   
319 4466 0.0622906440779 5.84317409289 260.570443147 2.6531319354663282e+02 274.030633965 3448.49856509   
320 4480 0.0632683741489 5.84521980844 260.570443147 2.6504441461047196e+02 272.223151521 829.307603365   
321 4494 0.0634939697436 5.86374285209 260.570443147 2.6414974606057416e+02 271.167817269 561.278470488   
322 4508 0.0645387012247 5.87285419866 260.570443147 2.6125412632144599e+02 268.313240179 288.606396184   
323 4522 0.0640144797422 5.88886914477 260.570443147 2.6204213196719934e+02 266.97892371 355.860202298   
324 4536 0.0632370628796 5.88270562787 260.570443147 2.6158862551412727e+02 268.32407574 600.224599116   
325 4550 0.0627518912499 5.90457022045 260.570443147 2.6152310653269683e+02 266.958686839 680.407972344   
326 4564 0.062540071671 5.86663065732 260.570443147 2.6156091675888695e+02 267.130158749 3485.2216398   
327 4578 0.060874995808 5.86682025336 260.570443147 2.6167203715846080e+02 275.581350459 576.069071898   
328 4592 0.0605088789829 5.86534618275 260.570443147 2.6089287250158077e+02 263.774736719 272.425603903   
329 4606 0.0600367419047 5.88576413254 257.838404121 2.5783840412061653e+02 274.298277064 299.845163138   
330 4620 0.0605946530551 5.92789880479 257.838404121 2.5821172361391893e+02 276.858927136 3457.33510965   
331 4634 0.0612401243104 5.95701073115 257.838404121 2.5941053986060535e+02 262.267664107 291.316423156   
332 4648 0.0614450789251 5.94036467212 257.838404121 2.5851283275298812e+02 263.437791774 285.976419397   
333 4662 0.0617302812855 5.92894240158 257.838404121 2.5801763992832883e+02 264.209919849 3468.36054086   
334 4676 0.061435973907 5.96071371737 257.838404121 2.5884334704396440e+02 262.727745148 284.922896005   
335 4690 0.0594204197248 5.97032480743 257.838404121 2.5815210649061385e+02 265.264872209 287.92679309   
336 4704 0.0576886143782 5.9967626423 257.638616224 2.5763861622409837e+02 262.870451403 292.557313945   
337 4718 0.0568294899533 6.05558098105 257.638616224 2.6011708262488247e+02 272.303736066 401.658766702   
338 4732 0.0570492145126 6.08331846151 257.620314521 2.5762031452051741e+02 264.327446033 288.573625286   
339 4746 0.0567968793345 6.11792224561 257.620314521 2.5812036401193058e+02 260.287765042 287.611512173   
340 4760 0.0567085174729 6.14240633345 256.717955366 2.5671795536648756e+02 263.947488574 313.399622601   
341 4774 0.0566067401429 6.16211671034 256.717955366 2.5697967315160088e+02 263.876629989 322.792058129   
342 4788 0.0566732895716 6.2000526271 255.862129913 2.5586212991344738e+02 259.713316403 278.620151066   
343 4802 0.0552381143227 6.1817443176 255.699221211 2.5569922121056811e+02 260.795874051 321.480985569   
344 4816 0.0554836472158 6.21667247085 255.699221211 2.5824960561266300e+02 266.022009404 335.276002421   
345 4830 0.0555493228244 6.2441667386 254.450171995 2.5445017199475981e+02 264.848412934 327.822000275   
346 4844 0.056304372779 6.28736830897 254.450171995 2.5467335237205302e+02 258.895273938 276.187241664   
347 4858 0.0576957654854 6.35679365746 254.450171995 2.5573482700371545e+02 262.487364619 295.166920303   
348 4872 0.058187720734 6.37206086047 253.404281179 2.5340428117902314e+02 260.319836887 350.208234971   
349 4886 0.0592116909608 6.42366038118 253.404281179 2.5403030918532767e+02 256.523457032 347.918127907   
350 4900 0.0596483575903 6.50565758529 253.404281179 2.5399231189127005e+02 260.491719186 1214.41291436   
351 4914 0.0607920673763 6.50748938578 253.404281179 2.5440785305598146e+02 262.524824705 1114.27581668   
352 4928 0.061958797575 6.61422626247 253.404281179 2.5544580187915170e+02 258.928922091 285.224563224   
353 4942 0.0629873127334 6.67955879932 253.404281179 2.5536507944267601e+02 259.09395887 1143.1416678   
354 4956 0.062749675196 6.70461617035 253.404281179 2.5359820004358602e+02 260.753363269 1219.57611359   
355 4970 0.0638156107204 6.75954323795 253.404281179 2.5412895067713069e+02 270.872369054 295.732222182   
356 4984 0.0657869197174 6.80602917885 253.404281179 2.5381749082367241e+02 260.462489671 290.427283168   
357 4998 0.0684979170662 6.80024252843 253.404281179 2.5390670654247106e+02 264.064973801 287.269815066   
358 5012 0.0714046912003 6.80180305675 253.237481936 2.5323748193631204e+02 262.821550643 280.521773079   
359 5026 0.0729737530213 6.79009313846 253.237481936 2.5424534484103378e+02 270.954816582 1135.54750456   
360 5040 0.0760347698179 6.80820403255 253.237481936 2.5386546084318152e+02 259.831807957 3052.33110462   
361 5054 0.0782996196255 6.93589532079 253.237481936 2.5408235624110620e+02 257.670560372 368.862852232   
362 5068 0.0798201425389 7.05655309599 251.289790174 2.5128979017374525e+02 257.589371381 1198.47563893   
363 5082 0.0810703595179 7.23119745056 251.289790174 2.5345901287664745e+02 258.515968801 1174.95769176   
364 5096 0.0813782019041 7.37168873665 251.289790174 2.5196827302802365e+02 254.711467417 1109.01881982   
365 5110 0.0817479461411 7.52500925603 249.354835826 2.4935483582605650e+02 254.391932191 3475.51713048   
366 5124 0.0804274534192 7.71446080893 249.354835826 2.5239458433830146e+02 269.918412933 3024.32565568   
367 5138 0.0801563408728 7.80847566979 249.354835826 2.5083061102365409e+02 256.193469925 1102.52338097   
368 5152 0.0802352940559 7.92308109247 249.354835826 2.5034833137167334e+02 255.04965058 273.10463486   
369 5166 0.0802146578894 8.03405702349 248.134096622 2.4813409662156485e+02 251.701813948 313.492545193   
370 5180 0.0799220060036 8.14021559012 248.134096622 2.4840933481973664e+02 256.284235964 2421.17601563   
371 5194 0.0777231554661 8.26834954044 248.134096622 2.4996642186045653e+02 273.099676839 3415.61740676   
372 5208 0.0772541395311 8.36836856894 248.134096622 2.4924103330774477e+02 260.435882182 2950.5242044   
373 5222 0.0765531415279 8.47628571298 247.802860825 2.4780286082512251e+02 261.049414648 2340.36763604   
374 5236 0.0763167631134 8.54391514676 247.802860825 2.4899350168689216e+02 253.049496203 935.118323486   
375 5250 0.0754373178753 8.64110760053 247.802860825 2.4898852789285411e+02 270.069689688 3068.28257014   
376 5264 0.075152943029 8.76723803082 245.743642364 2.4574364236387450e+02 254.760283839 2353.13019327   
377 5278 0.0753692887907 8.87092183264 245.743642364 2.4741727579469134e+02 260.098475169 2366.6008565   
378 5292 0.0751185654865 8.93471507408 245.743642364 2.4726282730458729e+02 252.079846789 2385.54048359   
379 5306 0.0742820608953 9.01281345572 245.743642364 2.4681126741896838e+02 253.986270275 2335.35304471   
380 5320 0.0741390918066 9.21607757807 245.743642364 2.4675330198673979e+02 253.282497001 2299.34467001   
381 5334 0.0737092698243 9.28182067445 245.743642364 2.4638357153321226e+02 250.428429832 288.844140528   
382 5348 0.0749237365393 9.4098612234 245.743642364 2.4676793191536726e+02 250.554787969 273.087319775   
383 5362 0.0756866410193 9.449785587 245.743642364 2.4577756050147124e+02 248.364473461 281.338634707   
384 5376 0.0767623739569 9.53552009891 244.438683618 2.4443868361798636e+02 252.782417379 2864.6401908   
385 5390 0.0759106578554 9.67877856125 244.263641474 2.4426364147434742e+02 247.784768687 952.710993232   
386 5404 0.0754029602167 9.70525409009 241.826155385 2.4182615538529473e+02 246.514456384 902.736393185   
387 5418 0.0758403061408 9.85388969312 241.574452972 2.4157445297230024e+02 246.938020327 2703.65293889   
388 5432 0.0746600242759 9.89428069384 241.574452972 2.4749921283658904e+02 260.21239484 2721.98818043   
389 5446 0.0748730924117 9.9284576204 241.574452972 2.4252177703831543e+02 248.584629107 2793.01875502   
390 5460 0.0749943906113 9.95919877176 241.574452972 2.4346714580761625e+02 249.24340277 3349.83334307   
391 5474 0.0746170983157 9.99169322274 241.574452972 2.4216971101926805e+02 254.47920135 2175.03331475   
392 5488 0.0736327143347 9.99984620265 241.574452972 2.4437963188817261e+02 260.072939852 3291.62268507   
393 5502 0.0719214172291 10.0072883158 241.574452972 2.4203363505305867e+02 249.853029082 3342.45215809   
394 5516 0.0696803212889 10.0700729972 241.574452972 2.4346852210902591e+02 252.778858234 3409.83669312   
395 5530 0.0662076956927 10.135587173 241.574452972 2.4221240610323662e+02 245.280732242 2752.19526218   
396 5544 0.0658505826111 10.1665375356 241.275930976 2.4127593097606399e+02 244.564972798 3359.14055117   
397 5558 0.0647633989635 10.1732614325 240.23708402 2.4023708402040344e+02 247.349739325 3308.06020761   
398 5572 0.0638091185684 10.2097374476 240.23708402 2.4114773611267213e+02 245.674149566 3368.7921096   
399 5586 0.0635360922949 10.2328219942 240.23708402 2.4158881029974179e+02 254.326217632 3293.67738234   
400 5600 0.0609613970074 10.2578742153 240.23708402 2.4106085781581456e+02 243.503824717 2091.72440205   
401 5614 0.0579996080495 10.2981380164 239.043715361 2.3904371536129565e+02 804.213379415 3361.7936798   
402 5628 0.0561273848429 10.4037429196 238.685876143 2.3868587614320742e+02 242.537860144 3323.49463485   
403 5642 0.0546293625994 10.5210263829 238.685876143 2.3946676226254073e+02 246.762267524 3328.95504488   
404 5656 0.0536215355327 10.6056815873 238.685876143 2.3870026419712400e+02 240.907778006 2655.44370846   
405 5670 0.0534485165191 10.6582671256 238.388064853 2.3838806485316530e+02 241.466261383 2539.56869068   
406 5684 0.0521575643515 10.6924473687 238.388064853 2.3863956912258200e+02 254.453812865 873.851652777   
407 5698 0.0530028152674 10.7221189491 238.249957461 2.3824995746129463e+02 239.803545958 913.685161806   
408 5712 0.0543385293871 10.7745217572 237.354984162 2.3735498416164501e+02 242.404158718 887.487079156   
409 5726 0.0559277955305 10.8274888249 236.811383532 2.3681138353198790e+02 241.081474318 811.144481893   
410 5740 0.0588641862598 10.8605950642 235.256830572 2.3525683057201832e+02 239.844214933 881.237680724   
411 5754 0.0626057295027 10.9426888991 234.528952389 2.3452895238941488e+02 239.22193206 832.406000954   
412 5768 0.0664650198566 10.9258929785 234.528952389 2.3544564475801147e+02 289.724007323 870.059613444   
413 5782 0.0672826682881 10.999606651 234.528952389 2.3631348748891403e+02 252.667735631 851.003639436   
414 5796 0.0692546455127 10.9463442382 234.528952389 2.3490359473866411e+02 238.421664833 264.511127299   
415 5810 0.0707796196727 10.9597030003 234.528952389 2.3652579996430023e+02 245.985490821 814.281604708   
416 5824 0.0712130777173 10.9751839779 234.528952389 2.3716491090859583e+02 258.230889279 2506.40151113   
417 5838 0.0719058001828 11.0365149731 234.528952389 2.3530403214375053e+02 240.319105876 2511.34590675   
418 5852 0.0728564350349 11.1265117995 234.528952389 2.3498742211212709e+02 240.127724342 2428.03343025   
419 5866 0.0732438989659 11.1939726171 234.528952389 2.3570935496280580e+02 248.639486194 2528.96689346   
420 5880 0.0747910608955 11.2561376731 234.528952389 2.3593690141955753e+02 245.315742351 2560.16842212   
421 5894 0.0750747988631 11.3602922876 234.528952389 2.3599382288466563e+02 238.754324842 2490.77366342   
422 5908 0.0752530900603 11.5650118326 234.528952389 2.3548998661986906e+02 245.171932356 2509.10047563   
423 5922 0.0756107051115 11.688171077 234.528952389 2.3516032618998398e+02 246.486501289 2541.54359571   
424 5936 0.0746937710018 11.78198737 234.200530208 2.3420053020836593e+02 238.482764259 3233.06302044   
425 5950 0.0740967315298 11.9410387568 234.200530208 2.3439641746211231e+02 239.195848009 3244.31034786   
426 5964 0.0730243592078 11.9792438102 234.200530208 2.3617362004507976e+02 246.469276693 3229.67111354   
427 5978 0.0715256899996 12.1186223048 234.200530208 2.3494237211662886e+02 243.593688996 883.136016457   
428 5992 0.0706490576575 12.2262757189 234.200530208 2.3584754613966746e+02 241.446896017 3217.90222536   
429 6006 0.0711651644108 12.3249289569 234.200530208 2.3485999416627260e+02 239.680660107 272.820006272   
430 6020 0.0709092697247 12.3795816634 234.200530208 2.3507795599236582e+02 246.599577255 2484.83616343   
431 6034 0.0702339278527 12.3429144497 233.203937042 2.3320393704214430e+02 240.905643239 2424.60570538   
432 6048 0.0709804648444 12.5218958911 233.203937042 2.3523336250126746e+02 238.292462471 2431.55829828   
433 6062 0.0706050829354 12.5439557232 233.203937042 2.3374461208172283e+02 243.166148343 1995.30181054   
434 6076 0.0715681071546 12.5676873474 233.203937042 2.3343271566934939e+02 244.310896568 3293.21660873   
435 6090 0.0712580094161 12.5823547952 232.228989415 2.3222898941503547e+02 235.632268962 2377.24853325   
436 6104 0.0725226991254 12.693488491 232.228989415 2.3244481157410002e+02 2275.08923945 3300.30294042   
437 6118 0.0737000813636 12.8366559959 232.228989415 2.3276121433230324e+02 760.277423571 3173.64020597   
438 6132 0.0742361329662 12.8812779984 232.228989415 2.3312183083924552e+02 237.993082074 3250.2338745   
439 6146 0.0742079171582 12.9437918131 232.228989415 2.3314623215301148e+02 250.21840359 3258.86798278   
440 6160 0.0735643359866 13.1532969344 232.228989415 2.3415086545537065e+02 252.761349614 3283.0538207   
441 6174 0.072561085188 13.2701569754 232.228989415 2.3531254047997507e+02 241.568970137 3215.83943512   
442 6188 0.0709349292743 13.3763646475 232.228989415 2.3362998101297413e+02 236.434067986 780.176342   
443 6202 0.070998071968 13.5276129247 232.228989415 2.3551545875324254e+02 239.416112382 3202.73357051   
444 6216 0.0718253136997 13.5845588857 232.228989415 2.3441250081447785e+02 238.497988168 3248.95248376   
445 6230 0.0721152546458 13.7304732155 232.228989415 2.3279437984717524e+02 237.201240355 3244.93561764   
446 6244 0.0718033487605 13.6738763594 232.228989415 2.3237804599498384e+02 236.207556704 785.950591341   
447 6258 0.0708376205036 13.728060589 232.228989415 2.3325463488046626e+02 239.108733931 3229.73583012   
448 6272 0.0713879157761 13.8583757348 232.228989415 2.3226335748786161e+02 236.460021608 1942.55125026   
449 6286 0.071680659376 13.8378433214 232.228989415 2.3278470094221106e+02 241.301994195 3299.41442628   
450 6300 0.0718938295054 13.9305204926 232.228989415 2.3332893943457026e+02 247.713920975 2419.03000347   
451 6314 0.0702219172595 13.9400251256 232.228989415 2.3235798549584786e+02 252.627149778 3241.6112128   
452 6328 0.0676909209152 14.0127756147 230.705774494 2.3070577449356054e+02 237.14567097 3188.06205993   
453 6342 0.0670146649471 14.2214229808 229.853127281 2.2985312728050295e+02 234.630490005 3233.50981657   
454 6356 0.067018246664 14.2715681492 229.853127281 2.3057677351591050e+02 234.757024894 747.948960893   
455 6370 0.068491734725 14.2729562703 229.853127281 2.3036611105666574e+02 235.262360521 2248.97320895   
456 6384 0.0701513274333 14.4858070801 228.348890431 2.2834889043074335e+02 231.922774974 714.526947016   
457 6398 0.0711356142468 14.7347396306 227.77368 2.2777368000038368e+02 240.932939284 3136.43299435   
458 6412 0.0725806040263 14.9964585058 227.77368 2.2804704363964905e+02 235.066052122 3190.78681   
459 6426 0.0747765680025 15.2007511158 227.415465725 2.2741546572458736e+02 234.90539388 256.809836606   
460 6440 0.0764850037086 15.460595232 226.4158251 2.2641582510015076e+02 232.608340037 2160.09642101   
461 6454 0.0775960882447 15.6996633286 225.945844781 2.2594584478062873e+02 255.714463017 2292.99980605   
462 6468 0.0776242242459 15.8612669487 225.945844781 2.2745033364073211e+02 241.686713272 689.322984803   
463 6482 0.0771689000638 15.9961006034 225.945844781 2.2729601032304595e+02 235.022237871 3149.58479189   
464 6496 0.0771266139919 16.2054407765 225.945844781 2.2667755760947756e+02 235.001384419 2209.74456977   
465 6510 0.0757603716285 16.4772808637 225.945844781 2.2786689822300573e+02 235.286648815 3110.92358471   
466 6524 0.0763321553136 16.6530443358 225.945844781 2.2787228119197974e+02 236.746673324 3108.5331944   
467 6538 0.0767534362566 16.7009523187 225.945844781 2.2643028551773793e+02 234.387235753 3058.80653106   
468 6552 0.0761153740744 16.7986749377 225.945844781 2.2647766467220333e+02 720.218924503 3155.87972232   
469 6566 0.0751714485152 16.9133449433 225.945844781 2.2727377801164801e+02 671.884845366 3102.86148579   
470 6580 0.0728440002154 17.1645105828 225.945844781 2.2643291634210743e+02 673.437278896 3034.92413781   
471 6594 0.0710277073659 17.2377199039 225.945844781 2.2679786640334964e+02 258.997032099 3089.89273311   
472 6608 0.0686613686477 17.3251315099 225.116015054 2.2511601505360008e+02 243.275172903 3093.32065821   
473 6622 0.0678493863812 17.4429370123 225.116015054 2.2516680074356029e+02 238.923128864 1682.01090434   
474 6636 0.0661142180274 17.5079339227 225.116015054 2.2542366728358351e+02 746.536436304 3108.63310518   
475 6650 0.0634832590458 17.5273565378 224.782335199 2.2478233519874721e+02 290.698024959 2159.06351948   
476 6664 0.0616633098343 17.4624703348 223.972141117 2.2397214111670442e+02 233.914658898 1698.54762955   
477 6678 0.0600281585213 17.5804363918 223.972141117 2.2524104058012628e+02 674.865319581 2206.41411636   
478 6692 0.0579755396148 17.7195449678 223.972141117 2.2430377248603753e+02 236.23977562 3099.2332637   
479 6706 0.0579191142879 17.7035027578 223.972141117 2.2554698033393592e+02 232.649965919 3030.94265434   
480 6720 0.05746041065 17.6558528819 223.972141117 2.2465030755073596e+02 227.050627024 3066.19412517   
481 6734 0.0583097642487 17.8994456896 223.793694205 2.2379369420461828e+02 230.058798511 1674.64061346   
482 6748 0.0569453361943 18.0080396161 223.177844717 2.2317784471721495e+02 225.994926458 707.452661481   
483 6762 0.0553593613732 18.0292161837 223.168805896 2.2316880589581837e+02 225.333209855 1625.98559388   
484 6776 0.0549681375831 18.1151368507 223.168805896 2.2342392347285249e+02 227.336606756 1628.57921432   
485 6790 0.0553736022976 18.1623718647 222.278344011 2.2227834401073977e+02 227.716113419 255.826141799   
486 6804 0.0543350216378 18.1337124152 220.772995362 2.2077299536171762e+02 230.33992663 3060.45043678   
487 6818 0.0535526422125 18.1689307862 220.772995362 2.2179649412312583e+02 224.399988948 717.610591211   
488 6832 0.0525988476853 18.2189652736 220.772995362 2.2175211846093015e+02 230.781234696 3075.94925865   
489 6846 0.0528527413298 18.1916216892 220.772995362 2.2100683000117562e+02 225.656910986 721.839652889   
490 6860 0.0527258602534 18.0399498274 220.772995362 2.2163012592460228e+02 246.852656456 3023.6609628   
491 6874 0.0524498878242 18.2193320389 220.772995362 2.2080233431386804e+02 228.135240713 673.786094093   
492 6888 0.053186005252 18.2718208367 220.262730433 2.2026273043334106e+02 224.213639718 2013.10788697   
493 6902 0.0543329637306 18.2714586055 220.236136603 2.2023613660297264e+02 224.685044607 1510.60346216   
494 6916 0.0558089136206 18.3943930394 220.173743555 2.2017374355517330e+02 221.891585321 681.471950657   
495 6930 0.0575747985644 18.5767008256 220.173743555 2.2144020987127655e+02 248.762382081 1536.03618434   
496 6944 0.057866254584 18.6376481136 220.173743555 2.2083302442208640e+02 226.80134834 3004.51035024   
497 6958 0.0583006959182 18.8559089556 220.173743555 2.2134836579653197e+02 228.680121638 1500.89935942   
498 6972 0.059441086718 18.9346292386 220.173743555 2.2220529815249563e+02 681.430973531 2991.75858759   
499 6986 0.0614464141589 18.9428918189 220.173743555 2.2118006139472038e+02 224.1848642 3027.89038325   
500 7000 0.064073170703 19.2183763113 219.705664266 2.1970566426592941e+02 222.565231689 3024.12352562   
501 7014 0.0662597669694 19.2369149221 219.640215163 2.1964021516296597e+02 222.762163879 732.898796149   
502 7028 0.0689637341611 19.3813381871 218.62478209 2.1862478209010308e+02 223.195883586 685.941060148   
503 7042 0.0690431517352 19.3912927238 218.62478209 2.1935783324200494e+02 223.689898617 681.019979029   
504 7056 0.0691783701746 19.4502464054 218.62478209 2.1956239469494298e+02 231.581198765 1566.73595311   
505 7070 0.06722469183 19.5224350203 218.62478209 2.2023022103555326e+02 223.808968308 1556.292136   
506 7084 0.0672247844291 19.5472746219 218.62478209 2.1870403984213632e+02 227.495383097 3035.40973848   
507 7098 0.0683885746914 19.6985229554 218.62478209 2.1950988717820979e+02 226.665069835 1532.17513658   
508 7112 0.0698577786574 19.8693325463 218.225327189 2.1822532718870451e+02 221.54596459 1558.82217157   
509 7126 0.0716258912541 19.8646584966 216.834476358 2.1683447635827781e+02 222.919791158 672.220340311   
510 7140 0.0719566510582 19.8553141271 216.834476358 2.1767088757372079e+02 222.581316717 1489.79705911   
511 7154 0.0712542877642 19.8040488473 216.834476358 2.1827520311363335e+02 642.427087182 1411.40074822   
512 7168 0.0705476528201 19.9453192863 216.834476358 2.1920384658204151e+02 230.27324295 1500.18633539   
513 7182 0.0713198566654 20.0038793103 216.834476358 2.1926392522686768e+02 223.382730179 632.29926327   
514 7196 0.0721534142087 20.1434816345 216.834476358 2.1974608874246837e+02 226.035924106 687.248385014   
515 7210 0.0725208486743 20.37495426 216.834476358 2.1714509904605691e+02 220.603642362 689.5139353   
516 7224 0.0723408813832 20.4423437245 216.18402294 2.1618402294005639e+02 232.893959362 687.869267821   
517 7238 0.0715404454647 20.5510119609 216.18402294 2.1720242873256356e+02 230.607608578 3028.99959032   
518 7252 0.0713133070282 20.6565922365 216.18402294 2.1640284468324484e+02 222.29921333 662.034629799   
519 7266 0.0700575657759 20.8352739332 215.544080443 2.1554408044265989e+02 653.668955095 1540.25753647   
520 7280 0.0688801232884 21.009815894 215.544080443 2.1572864929765140e+02 625.468332683 1525.09035892   
521 7294 0.0656710835073 21.0749151493 215.544080443 2.1594627320702841e+02 650.501524565 1492.83553428   
522 7308 0.0632774365172 21.281705952 215.544080443 2.1729514178998051e+02 641.856128051 2995.52901251   
523 7322 0.0603604513217 21.3242463979 215.544080443 2.1626569726292485e+02 218.108252787 1473.49731992   
524 7336 0.0588740480327 21.2749790244 215.408795745 2.1540879574535393e+02 220.922255634 1470.32882257   
525 7350 0.0577507834117 21.2546845119 215.408795745 2.1547541515786651e+02 225.960787962 1486.07816474   
526 7364 0.0566619059801 21.4210689856 215.408795745 2.1603229840419550e+02 627.176351329 671.933442405   
527 7378 0.0555939568761 21.4624837846 214.628449751 2.1462844975066108e+02 222.755342009 1508.52434568   
528 7392 0.0542909940476 21.5061849649 214.628449751 2.1490669670402170e+02 222.714836639 1471.7452449   
529 7406 0.0535754844467 21.5795419113 214.628449751 2.1559302604265568e+02 218.84701038 2990.95856448   
530 7420 0.0529811283484 21.461646962 214.628449751 2.1518076126373424e+02 621.16993881 1442.26850906   
531 7434 0.0520692815815 21.5694518261 214.628449751 2.1552250212702432e+02 219.376470375 1434.89816125   
532 7448 0.0522632826842 21.5740719674 214.055958163 2.1405595816282715e+02 220.561871173 2911.18124949   
533 7462 0.0536764230103 21.4988109893 213.225395387 2.1322539538674215e+02 219.503519567 1507.87686247   
